%jianpushili.m
%20171105
%作者/旺旺/up：freexyn
%简谱列表实例

%测试
test=[z12,z02,z22,z32,z42,z52,z62,z72,...
    z1,z2,z3,z4,z5,z6,z7,...
    z18,z28,z38,z48,z58,z68,z78];

%婚誓
hunshi=[z1,z2,z1,z5,z3,z1,z1,z3,z38,z18,z22,z2,d52,d5,d52,d5,...
    z1,z2,z3,z6,z5,z3,z2,z1,z18,d68,z22,z2,z22,z2,...
    d6,d5,d6,z1,z2,z3,z6,z5,z58,z18,z52,z5,z52,z5,...
    z12,z28,z58,z32,z3,z32,z3,z6,z5,z3,z22,z2,d52,d6,z12,z1];

%迷雾水珠
miwushuizhu=[d6,d3,z1,d6,d5,d3,z1,d6,d4,d3,z1,d6,d4,d3,z1,d6,...
    d6,d3,z1,d6,d5,d3,z1,d6,d4,d3,z1,d6,z32,z32,z32,z32,...
    z02,z3,z5,z62,z5,z3,z62,z5,z3,z22,z2,z3,d52,d6,d7,...
    z1,z3,z2,z1,d62,d6,d5,d62,d62,d62,z3,z5,z62,z5,z3,z62,z5,z3,...
    z22,z2,z3,d52,d6,d7,z1,z3,z2,z1,d62,d6,d5,d62,d62,d62,...
    z0,d5,z12,z1,z3,z52,z4,z3,z22,z22,z32,z1,z2,z32,g1,z7,z6,z5,z3,z5,z62,z62,z62,...
    z3,z5,z62,z5,z3,z62,z2,z32,z3,d52,d6,d7,z1,z3,z2,z1,d62,d6,d5,d62,d62,d62];%未完待续

%成都
chengdu=[d5,z11,z1,z28,z38,z5,z31,d5,z12,z1,z2,z1,d6,d52,d5,...
    d52,d5,z11,z1,z28,z38,z6,z3,z5,z5,z3,z2,z12,z1,z22,z5,z3,...
    z21,z3,z52,z5,z5,z3,z5,z6,g1,z6,z62,z3,z22,z1,z22,z3,z31,z3,...
    d5,z52,z5,z0,z3,z3,z2,z1,z1,z12,d5,z22,z1,z32,z28,z18,z11,z11,z1,...
    z3,z52,z5,z5,z3,z5,z62,z6,z3,z22,z12,z1,z22,z5,z32,z3,z32,...
    z3,z52,z5,z5,z3,z5,z62,z6,z32,z38,z28,z12,d5,z22,z3,z2,z12,z12,...
    d58,d68,z12,z1,z2,z2,z6,z32,z3,z32,z3,z38,z58,z62,z5,z6,z5,z2,z32,z3,z32,...
    z1,z2,z0,z1,z2,z1,d6,z22,z38,z28,z22,z1,z2,z2,z2,z2,z3,z6,z52,z5];%未完待续

%爱尔兰画眉
aierlanhuamei=[z1,z2,z32,z2,z1,z22,z3,z5,z61,z52,g1,z5,z62,z5,z3,z22,z1,z2,z31,z32,...
    z1,z2,z32,z2,z1,z22,z3,z5,z61,z52,g1,z5,z62,z5,z3,z22,z2,z1,z11,z1,...
    z52,g12,z7,z5,z62,g1,z6,z71,z52,z3,z5,z62,z5,z3,z5,z6,g1,g2,g31,g32,...
    z52,g1,z7,z5,z6,g1,z6,z71,z52,z3,z5,z62,z5,z3,z5,z6,g1,g2,g11,g12,...
    z1,z2,z32,z2,z1,z22,z3,z5,z61,z52,g1,z5,z62,z5,z3,z22,z1,z2,z31,z32,...
    z1,z2,z32,z2,z1,z22,z3,z5,z61,z52,g1,z5,z62,z5,z3,z22,z2,z1,z11];

%问情
wenqing=[z32,d62,d72,z1,z2,z32,z6,z5,z31,z32,d62,d72,z1,z2,z3,z2,z1,d7,d61,...
    z32,d62,d72,z1,z2,z32,z6,z5,z31,z32,d62,d72,z1,z2,z3,z2,z1,d7,d62,...
    z0,z3,z22,z2,z1,z22,z0,z18,z28,z3,z31,z0,z3,z22,z2,z1,z22,z6,z5,z5,z32,z3,z51,...
    z6,z6,z6,z78,g18,g11,z6,z6,z6,z7,g1,g28,g18,g12,z7,z78,z78,z7,z6,z52,z6,z68,z58,z3,z32,z3,z31,...
    z6,z6,z6,z78,g18,g11,z6,z68,z68,z6,z7,g1,g28,g18,g12,z7,z78,z7,z6,z52,g1,z7,g1,g18,g78,z61,z62];%未完待续

%斯卡布罗集市
sikabuluojishi=[d62,d6,z38,z3,z38,z3,d7,d78,z18,d7,d62,d62,d62,...
    z0,z3,z5,z62,z5,z3,z4,z2,z32,z3,z32,z3,...
    z02,z6,z62,z6,z52,z3,z3,z2,z1,d52,d5,d52,d5,...
    d62,z3,z22,z1,d7,d6,d5,d62,d6,d62,d6,z02,z0,...
    d6,d6,d6,z3,z3,z3,d7,z1,d7,d62,d6,d62,d6,...
    z0,z3,z5,z62,z5,z3,z4,z2,z32,z3,z32,z3,z0,z0,...
    z6,z62,z6,z52,z3,z3,z2,z1,d72,d7,d72,d7,...
    d62,z3,z22,z1,d7,d6,d5,d62,d6,d62,d6];%未完待续

%送别
songbie=[z5,z38,z58,g12,z6,g1,z52,z5,z18,z28,z3,z28,z18,z22,...
    z02,z5,z38,z58,g1,g18,z78,z6,g1,z52,z5,z28,z38,z4,z48,d78,z12,...
    z02,z6,g1,g12,z7,z68,z78,g12,z68,z78,g18,z68,z68,z58,z38,z18,z22,...
    z02,z5,z38,z58,g1,g18,z78,z6,g1,z52,z5,z28,z38,z4,z48,d78,z12,z1];

%天路
tianlu=[d6,z12,d6,z28,z38,z18,d68,d62,z3,z38,z58,z68,g18,z58,z38,z31,...
    z6,z68,z68,z6,g1,z6,z58,z38,z2,z38,z58,z31,z31,...
    z3,z32,z5,z68,g18,z58,g18,z62,z38,z68,z6,z38,z28,z21,...
    z1,z18,z28,z3,z5,z28,z38,z1,z12,z2,z28,z38,z28,z18,d58,z18,d61,...
    z6,z68,z68,z6,z5,z6,g18,g18,g28,g38,g1,g2,g22,g28,g18,...
    z62,z6,z6,g1,g18,g18,g2,g1,z5,z2,z38,z58,z68,z58,z31,z31,...
    z3,z52,z6,g1,g28,g18,z62,z5,z68,g18,z6,z58,z38,z21,...
    z1,z18,z28,z3,z5,z6,g2,g18,z68,z58,g18,z61,z61,...
    z1,z18,z28,z3,z5,z6,g2,g22,g2,g3,g2,g1,z68,z58,z38,z58,z52,z5,g1,g12,g11,z61,z61];%未完待续

%雪之梦
xuezhimeng=[z1,d5,z1,z2,z32,z2,z1,z1,d5,z1,z5,z4,z3,z2,z1,z1,d5,z1,z2,z32,z2,z1,z11,...
    z0,d5,z1,z2,z3,z4,z5,z3,z22,z12,d62,z32,z21,z3,z4,z5,z3,z22,z12,z62,z62,z51,...
    z3,z4,z5,z3,z22,z12,d62,z32,z22,d7,d6,d52,z22,z12,...
    z2,z3,z4,z3,z2,z1,d62,z1,z2,z11,z11,...
    z3,z4,z5,z3,z22,z12,d62,z32,z21,z3,z4,z5,z3,z22,z12,z62,z62,z51,...
    z3,z4,z5,z3,z22,z12,d62,z32,z22,d7,d6,d52,z22,z12,z2,z3,z4,z3,z2,z1,d62,z1,z2,z11,z11,...
    d62,d6,z1,d7,z1,z2,d7,d51,d51,d62,d6,z1,d7,z1,z2,z5,z31,z31,...
    d62,d6,z1,d7,z1,z2,d7,d52,z2,z3,z41,d62,d6,z1,d7,z1,z2,d7,z11,z11];%未完待续

%滴答
dida=[d5,d6,z1,z2,z3,z1,z3,z21,z22,z02,z0,z2,z2,z2,z2,z1,z1,d6,d6,d62,d6,...
    d5,d6,z1,z2,z3,z5,z3,z21,z22,z02,z0,z2,z2,z2,z2,z1,z1,d6,z3,z3,z31,z02,...
    z0,z6,z6,z6,z6,z5,z5,z3,z21,z22,z02,z0,z2,z2,z2,z2,z1,z1,z5,z31,z32,z02];%未完待续

%南山南
nanshannan=[z6,z6,z6,z48,z48,z68,g3,g28,g22,g32,z7,z5,g12,g12,...
    z0,z48,z48,z4,z38,z38,z2,z28,z28,z2,z5,z2,z32,z3,z02,...
    z0,z58,z58,z6,z6,z6,z4,z68,g3,g28,g2,g18,g28,g3,z78,z78,z7,z5,g12,...
    z0,z38,z38,z3,z4,z4,z48,z18,z2,z2,z1,d7,z12,z12,z12];%未完待续

%春暖花开
chunnuanhuakai=[z08,z18,z18,d68,z2,z3,z3,z38,z58,z32,z08,z18,z28,z38,z5,z3,z2,z28,z38,d62,...
    z08,z18,z18,d68,z2,z3,z3,z6,z5,z68,z38,z08,z38,z18,d68,z4,z5,z6,z5,z58,z1,z18,z22,z22,...
    z5,z58,z28,z3,z38,z58,z52,z5,z18,z18,z6,z58,z68,z52,z32,z32,...
    z5,z1,z2,z28,z18,d62,d6,z28,z28,z2,z38,z58,z62,z6,z28,z38,z28,z32,...
    z5,z2,z3,z38,z58,z52,z52,z08,z58,z58,z68,g1,g18,z78,z78,z58,z58,z68,z32,...
    z58,z68,z5,z3,z38,z28,z22,z2,z2,z2,z3,z6,z68,z58,z52,z52,z2,z28,z38,z12,z12,z12];%未完待续